400 333 15
294 15 52
300 117 28
85 262 11
26 284 40
20 194 270
300 100 180
193 38 84
102 126 19
234 138 131
173 92 108
41 143 299
42 171 82
113 144 39
37 228 194
68 132 262
250 127 292
255 167 62
56 71 128
253 175 234
223 216 199
27 267 43
55 109 284
68 295 98
276 202 255
57 82 144
26 122 126
274 124 18
129 157 52
193 237 192
165 156 274
186 8 172
286 62 234
276 263 127
37 12 17
76 246 149
269 197 116
123 109 44
126 40 177
107 131 117
270 66 149
147 107 115
13 283 202
102 273 253
116 251 283
91 51 3
227 169 216
136 139 219
130 215 243
223 166 176
229 34 138
11 70 118
199 1 132
54 29 2
68 111 257
158 69 145
221 243 6
28 218 202
135 192 259
240 43 133
233 259 35
182 41 73
138 150 188
258 37 244
126 219 170
3 94 229
188 191 48
181 72 198
164 60 181
86 68 234
144 77 260
64 63 134
101 286 97
163 150 8
170 47 213
33 73 279
40 117 153
5 138 221
101 52 116
65 236 56
260 4 142
246 248 161
290 107 3
182 21 291
13 236 298
27 9 79
164 100 149
183 60 209
70 48 105
286 281 188
255 238 300
102 78 232
120 146 15
263 157 118
51 125 249
240 128 112
170 245 47
34 67 271
48 83 280
112 31 76
177 204 203
113 118 144
188 29 78
167 160 15
89 81 81
44 231 45
69 18 88
149 127 14
81 85 86
170 248 6
193 50 162
248 230 168
120 100 48
120 261 260
79 18 19
127 132 229
273 75 288
271 100 239
194 94 14
13 297 288
187 41 207
166 3 128
97 66 62
121 156 296
49 107 191
42 17 23
36 264 259
188 61 71
63 72 112
25 119 1
111 141 111
54 211 171
58 119 204
256 77 30
7 104 217
278 246 291
109 295 77
125 223 240
251 85 163
24 267 9
52 99 236
150 244 246
74 176 46
128 199 291
286 255 211
104 66 133
211 94 206
45 300 259
53 282 159
296 291 149
145 196 58
218 170 145
20 11 255
92 65 142
52 49 230
79 159 284
114 12 229
76 153 108
158 78 34
147 286 224
292 139 257
138 283 234
165 180 131
2 72 183
78 3 150
259 26 226
236 50 266
177 195 187
15 55 240
282 52 117
273 1 150
179 210 238
65 286 54
24 99 4
44 147 160
275 100 37
204 18 225
140 239 63
225 64 209
187 65 277
154 242 42
127 23 10
287 74 173
181 184 169
267 213 39
10 112 271
25 192 285
212 260 291
211 33 184
41 279 294
104 127 216
63 53 270
100 260 188
49 116 101
67 173 74
216 265 197
146 150 182
289 172 26
57 61 295
147 295 100
76 107 16
298 170 209
183 253 178
137 187 213
23 148 113
194 24 242
212 125 11
164 226 191
180 220 279
95 173 180
53 157 299
80 135 205
98 284 220
159 288 227
175 174 74
255 235 73
71 23 297
95 173 18
53 148 40
155 76 154
15 13 95
85 89 52
78 291 58
75 111 110
152 85 45
256 55 163
258 132 74
120 262 128
196 178 115
135 111 58
60 73 111
190 53 196
257 75 253
268 64 147
150 267 264
200 134 294
279 114 214
256 237 286
203 82 231
45 133 14
285 248 164
241 203 233
6 134 114
272 93 165
194 277 254
7 197 87
222 166 229
287 24 294
110 79 218
264 181 59
171 31 155
111 237 13
240 220 92
42 201 45
122 20 181
161 24 273
2 215 189
50 87 129
280 186 264
29 152 193
224 292 263
65 123 217
284 221 258
49 108 215
236 72 161
66 271 134
30 74 72
102 149 223
148 183 151
115 210 105
108 156 283
203 53 149
89 176 168
281 221 224
138 273 282
252 145 113
24 68 95
292 54 101
126 71 184
85 251 203
226 57 186
51 161 101
242 238 237
284 285 151
200 250 190
190 225 28
32 257 197
158 146 273
79 25 94
11 78 248
210 79 25
215 293 115
136 212 164
159 174 182
80 270 124
110 185 159
164 174 31
83 141 94
108 1 284
199 209 120
96 249 15
41 271 118
273 140 240
128 70 129
108 275 189
23 230 92
227 96 167
121 71 267
28 258 110
260 35 281
287 31 272
76 236 71
7 16 70
236 120 177
29 115 93
193 73 186
239 125 283
270 149 180
155 41 18
32 108 223
42 210 98
39 39 282
46 90 46
262 227 113
131 285 96
148 82 166
59 241 120
261 184 48
282 261 297
15 9 105
221 270 100
49 223 120
242 98 60
148 98 271
105