100000 2534 1
17612 74607
17612 8272
17612 33433
17612 15456
17612 64938
17612 99741
17612 58916
17612 61899
17612 85406
17612 49757
17612 27520
17612 12303
17612 63945
17612 3716
17612 51094
17612 56724
17612 79619
17612 99914
17612 277
17612 91205
17612 58378
17612 34909
17612 94574
17612 29985
17612 77484
17612 13400
17612 41607
17612 4010
17612 2926
17612 3336
17612 85138
17612 70965
17612 1207
17612 49966
17612 89979
17612 28391
17612 55328
17612 95139
17612 3807
17612 69158
17612 29058
17612 57395
17612 64988
17612 72465
17612 30551
17612 45312
17612 30261
17612 88716
17612 28677
17612 99739
17612 60242
17612 37983
17612 2817
17612 54550
17612 72936
17612 84187
17612 13108
17612 24368
17612 82491
17612 94849
17612 38849
17612 15846
17612 97406
17612 43608
17612 94567
17612 93218
17612 65641
17612 55327
17612 66548
17612 87859
17612 24884
17612 39764
17612 37246
17612 77016
17612 65453
17612 66229
17612 51558
17612 77202
17612 4526
17612 62945
17612 31817
17612 97483
17612 52991
17612 54305
17612 87130
17612 22677
17612 48120
17612 71933
17612 92149
17612 88407
17612 96760
17612 49114
17612 11334
17612 57536
17612 87001
17612 66641
17612 14147
17612 21457
17612 68281
17612 51545
17612 48566
17612 64186
17612 96046
17612 3877
17612 61515
17612 5700
17612 40440
17612 92194
17612 80585
17612 77750
17612 75783
17612 51590
17612 84825
17612 22329
17612 22098
17612 65830
17612 29746
17612 1613
17612 26152
17612 70729
17612 71872
17612 30432
17612 53013
17612 67342
17612 45066
17612 75733
17612 46305
17612 60180
17612 35295
17612 86405
17612 71827
17612 79816
17612 95604
17612 749
17612 50291
17612 97060
17612 67175
17612 16941
17612 67985
17612 73579
17612 26934
17612 55849
17612 7357
17612 63059
17612 47807
17612 74711
17612 72667
17612 26194
17612 66155
17612 54186
17612 63561
17612 46766
17612 54320
17612 45362
17612 208
17612 70580
17612 70794
17612 81723
17612 80276
17612 43403
17612 60051
17612 78625
17612 3667
17612 30095
17612 83280
17612 23228
17612 72189
17612 76607
17612 23696
17612 12007
17612 72225
17612 33462
17612 4255
17612 88227
17612 9235
17612 10910
17612 2188
17612 59376
17612 1909
17612 98848
17612 99037
17612 36858
17612 32711
17612 35212
17612 14351
17612 81895
17612 24198
17612 45145
17612 38049
17612 9112
17612 21951
17612 20923
17612 33452
17612 69125
17612 22040
17612 86070
17612 35772
17612 84962
17612 93270
17612 38600
17612 59599
17612 92095
17612 42206
17612 65077
17612 62099
17612 14968
17612 3098
17612 40896
17612 50667
17612 45003
17612 55171
17612 24647
17612 33872
17612 14256
17612 33222
17612 95703
17612 66862
17612 27406
17612 79384
17612 56578
17612 2729
17612 29541
17612 2342
17612 52077
17612 19198
17612 4631
17612 94220
17612 21002
17612 58415
17612 92355
17612 66363
17612 88890
17612 55924
17612 71396
17612 28915
17612 82677
17612 91102
17612 67712
17612 59094
17612 29255
17612 68669
17612 85002
17612 4024
17612 51761
17612 88461
17612 75478
17612 42107
17612 86485
17612 82700
17612 55876
17612 7706
17612 96660
17612 39139
17612 16474
17612 27805
17612 6219
17612 40159
17612 9271
17612 10020
17612 40680
17612 39044
17612 97497
17612 20737
17612 54549
17612 74048
17612 33078
17612 17091
17612 1112
17612 73495
17612 4970
17612 77410
17612 28521
17612 74748
17612 60405
17612 22482
17612 92278
17612 81653
17612 66700
17612 4906
17612 49542
17612 26268
17612 45473
17612 12980
17612 26970
17612 75155
17612 88363
17612 56748
17612 77518
17612 25444
17612 64534
17612 13688
17612 87289
17612 51127
17612 38807
17612 66075
17612 65510
17612 2255
17612 42644
17612 80233
17612 52734
17612 36878
17612 2372
17612 20574
17612 26327
17612 42958
17612 73839
17612 17714
17612 44446
17612 56262
17612 27923
17612 34936
17612 88403
17612 12637
17612 49707
17612 71779
17612 45070
17612 90061
17612 70036
17612 63505
17612 69799
17612 30755
17612 8562
17612 95089
17612 5296
17612 11100
17612 17435
17612 22243
17612 21831
17612 70545
17612 27915
17612 35129
17612 99499
17612 43547
17612 78671
17612 66308
17612 48249
17612 44414
17612 44602
17612 14931
17612 38171
17612 30827
17612 79166
17612 93731
17612 64068
17612 17741
17612 76017
17612 72244
17612 13668
17612 42039
17612 5130
17612 53294
17612 9594
17612 49838
17612 19311
17612 16387
17612 44683
17612 15033
17612 80634
17612 76993
17612 49551
17612 10047
17612 74814
17612 72126
17612 29323
17612 74183
17612 10715
17612 34961
17612 47828
17612 38739
17612 73984
17612 70032
17612 14984
17612 60001
17612 36331
17612 14121
17612 5997
17612 38763
17612 1623
17612 80436
17612 87873
17612 1907
17612 12018
17612 54203
17612 15087
17612 5246
17612 24632
17612 31410
17612 76913
17612 55184
17612 21237
17612 15147
17612 59102
17612 21940
17612 89246
17612 31644
17612 20834
17612 97519
17612 13479
17612 57030
17612 49582
17612 71163
17612 38539
17612 72118
17612 33215
17612 93273
17612 62523
17612 41217
17612 13125
17612 27213
17612 85466
17612 41605
17612 5194
17612 3574
17612 1378
17612 95222
17612 78194
17612 41976
17612 58963
17612 51285
17612 41063
17612 52240
17612 8253
17612 8414
17612 41596
17612 78833
17612 59751
17612 14597
17612 32777
17612 28206
17612 80978
17612 71161
17612 90203
17612 61463
17612 86748
17612 46639
17612 33959
17612 24016
17612 70989
17612 27242
17612 40282
17612 26112
17612 32294
17612 47247
17612 10666
17612 36804
17612 11720
17612 98735
17612 58708
17612 11861
17612 85461
17612 75283
17612 84341
17612 44419
17612 29810
17612 51181
17612 40211
17612 5381
17612 42893
17612 24486
17612 41516
17612 75892
17612 39690
17612 32224
17612 43822
17612 13232
17612 71333
17612 80137
17612 75889
17612 78115
17612 12065
17612 32126
17612 28857
17612 2671
17612 31951
17612 52662
17612 9481
17612 35136
17612 72248
17612 9296
17612 95574
17612 9848
17612 2820
17612 83281
17612 1300
17612 38119
17612 98400
17612 47080
17612 64653
17612 61452
17612 20209
17612 13230
17612 65724
17612 43004
17612 10107
17612 66752
17612 87196
17612 22708
17612 23537
17612 19604
17612 18552
17612 41915
17612 40059
17612 14009
17612 92973
17612 67418
17612 78892
17612 38469
17612 16555
17612 27098
17612 18571
17612 71499
17612 94717
17612 4163
17612 41428
17612 81728
17612 88107
17612 72477
17612 97804
17612 90387
17612 26927
17612 23352
17612 39181
17612 56707
17612 70451
17612 20696
17612 6365
17612 93694
17612 87528
17612 32414
17612 33108
17612 8443
17612 89402
17612 58550
17612 56384
17612 71994
17612 32797
17612 70960
17612 57593
17612 70525
17612 59417
17612 1425
17612 51867
17612 44391
17612 33813
17612 63673
17612 3200
17612 84731
17612 54616
17612 74791
17612 2479
17612 8169
17612 90663
17612 46524
17612 76032
17612 18126
17612 77798
17612 16401
17612 18153
17612 33963
17612 36296
17612 52141
17612 73935
17612 52571
17612 22568
17612 80275
17612 11698
17612 30610
17612 63701
17612 981
17612 23276
17612 69298
17612 41582
17612 65654
17612 85045
17612 57452
17612 89983
17612 83770
17612 95869
17612 29587
17612 31245
17612 41024
17612 64891
17612 90040
17612 62761
17612 29500
17612 93435
17612 54034
17612 44165
17612 73454
17612 80123
17612 95450
17612 85644
17612 36075
17612 84727
17612 28767
17612 6318
17612 9379
17612 67069
17612 84580
17612 48325
17612 20902
17612 67061
17612 26719
17612 40869
17612 39154
17612 90775
17612 39265
17612 72394
17612 48709
17612 21651
17612 91919
17612 91918
17612 96524
17612 60920
17612 77933
17612 11138
17612 16154
17612 79444
17612 67365
17612 74873
17612 49441
17612 23105
17612 20419
17612 32847
17612 55936
17612 28524
17612 74648
17612 94320
17612 99320
17612 6834
17612 64885
17612 89344
17612 51591
17612 93999
17612 83490
17612 45611
17612 50329
17612 67510
17612 21601
17612 95669
17612 5336
17612 68705
17612 11850
17612 33448
17612 82373
17612 13245
17612 35066
17612 96588
17612 10974
17612 18236
17612 80859
17612 86471
17612 89998
17612 91804
17612 10749
17612 58335
17612 31588
17612 50116
17612 56744
17612 52068
17612 21595
17612 42660
17612 57427
17612 16559
17612 81580
17612 63959
17612 27790
17612 15623
17612 56527
17612 78733
17612 70000
17612 53507
17612 15479
17612 86575
17612 38729
17612 36396
17612 32535
17612 49657
17612 98249
17612 73319
17612 526
17612 24883
17612 69254
17612 57511
17612 75902
17612 2758
17612 4039
17612 82252
17612 79381
17612 31751
17612 34131
17612 27081
17612 22657
17612 37327
17612 19453
17612 71086
17612 26274
17612 35813
17612 40782
17612 76774
17612 99277
17612 32884
17612 89592
17612 58511
17612 22018
17612 71484
17612 46787
17612 64332
17612 55046
17612 15965
17612 27387
17612 74783
17612 50235
17612 26847
17612 37231
17612 14175
17612 3166
17612 15476
17612 74621
17612 97946
17612 1733
17612 71472
17612 38852
17612 88332
17612 99755
17612 94938
17612 85117
17612 17904
17612 9855
17612 65585
17612 48986
17612 75049
17612 40797
17612 57301
17612 65934
17612 88771
17612 46769
17612 99433
17612 69258
17612 42427
17612 111
17612 16240
17612 57976
17612 94106
17612 58924
17612 45904
17612 39951
17612 70687
17612 52351
17612 44482
17612 95832
17612 89577
17612 74897
17612 64527
17612 14824
17612 84892
17612 49488
17612 50121
17612 26728
17612 72993
17612 508
17612 36389
17612 83301
17612 78403
17612 94672
17612 96806
17612 95471
17612 66973
17612 26068
17612 60501
17612 78753
17612 67753
17612 53604
17612 97601
17612 93341
17612 40022
17612 92130
17612 22324
17612 58903
17612 81270
17612 87667
17612 69594
17612 25869
17612 47111
17612 68969
17612 462
17612 88939
17612 51009
17612 75937
17612 55820
17612 53118
17612 44042
17612 81478
17612 76603
17612 96185
17612 91686
17612 98144
17612 8880
17612 64580
17612 97750
17612 32458
17612 83933
17612 85033
17612 38128
17612 82533
17612 2724
17612 53347
17612 94541
17612 82479
17612 20459
17612 83065
17612 52078
17612 35424
17612 23351
17612 9623
17612 79360
17612 1328
17612 45804
17612 34680
17612 92802
17612 53889
17612 89789
17612 71336
17612 39803
17612 19933
17612 60565
17612 33994
17612 63511
17612 22233
17612 61225
17612 66890
17612 5950
17612 35497
17612 66884
17612 12928
17612 97616
17612 77416
17612 55391
17612 9143
17612 46554
17612 8782
17612 86094
17612 57998
17612 2588
17612 21514
17612 66475
17612 93094
17612 21185
17612 90499
17612 12197
17612 52681
17612 83359
17612 90297
17612 36150
17612 79298
17612 39899
17612 27380
17612 69219
17612 27225
17612 31095
17612 43771
17612 35268
17612 8986
17612 9816
17612 91645
17612 68577
17612 86349
17612 48262
17612 61334
17612 67046
17612 73093
17612 96565
17612 6520
17612 22093
17612 38913
17612 85599
17612 96350
17612 93512
17612 72908
17612 35359
17612 46643
17612 79911
17612 96973
17612 30424
17612 51454
17612 73538
17612 52392
17612 22592
17612 63390
17612 34017
17612 80007
17612 43208
17612 93855
17612 29140
17612 33918
17612 79948
17612 92628
17612 32012
17612 86618
17612 4003
17612 81587
17612 52770
17612 41489
17612 56593
17612 99824
17612 32562
17612 35271
17612 24891
17612 9508
17612 82037
17612 95988
17612 21710
17612 75910
17612 58141
17612 76210
17612 95453
17612 19423
17612 79464
17612 34339
17612 60214
17612 69022
17612 21304
17612 18170
17612 18101
17612 93815
17612 57761
17612 47329
17612 40602
17612 98485
17612 52528
17612 31522
17612 15183
17612 94131
17612 27026
17612 94173
17612 89313
17612 40042
17612 8943
17612 13945
17612 29835
17612 52037
17612 42123
17612 64535
17612 13104
17612 24480
17612 5896
17612 7254
17612 78318
17612 3052
17612 98623
17612 28385
17612 89562
17612 4550
17612 64810
17612 92265
17612 69277
17612 94892
17612 80371
17612 57972
17612 44885
17612 86891
17612 35990
17612 80379
17612 90786
17612 22635
17612 12483
17612 29107
17612 52391
17612 30569
17612 64884
17612 58959
17612 49532
17612 98385
17612 22099
17612 30372
17612 30899
17612 37178
17612 60631
17612 71699
17612 76013
17612 51065
17612 27776
17612 59205
17612 93708
17612 33801
17612 43270
17612 65056
17612 77807
17612 14542
17612 28030
17612 10336
17612 6058
17612 2021
17612 686
17612 62967
17612 41888
17612 50220
17612 76056
17612 37646
17612 25675
17612 52420
17612 20981
17612 99427
17612 84679
17612 19959
17612 3993
17612 1990
17612 50761
17612 19029
17612 87139
17612 71117
17612 7487
17612 74023
17612 49741
17612 33315
17612 17037
17612 10423
17612 60672
17612 85480
17612 39768
17612 1893
17612 4650
17612 70384
17612 7976
17612 68801
17612 16899
17612 5612
17612 35861
17612 15393
17612 56690
17612 11933
17612 24919
17612 3621
17612 65492
17612 83561
17612 17081
17612 97599
17612 36605
17612 90017
17612 25157
17612 86903
17612 58657
17612 51080
17612 43229
17612 82715
17612 35124
17612 34059
17612 84097
17612 83311
17612 31863
17612 32169
17612 7889
17612 77061
17612 77398
17612 22974
17612 45825
17612 56161
17612 79345
17612 91496
17612 73435
17612 83674
17612 68443
17612 7970
17612 46299
17612 71687
17612 54087
17612 70530
17612 26132
17612 93278
17612 70308
17612 55591
17612 86821
17612 9187
17612 93526
17612 35009
17612 97424
17612 80041
17612 94519
17612 98594
17612 9475
17612 32976
17612 12658
17612 19794
17612 7696
17612 26654
17612 56113
17612 5886
17612 6923
17612 83509
17612 11957
17612 67219
17612 61495
17612 65684
17612 48530
17612 13014
17612 40985
17612 5259
17612 16598
17612 69661
17612 4350
17612 58111
17612 87066
17612 16804
17612 51799
17612 92753
17612 58470
17612 3227
17612 96551
17612 68749
17612 35389
17612 11846
17612 32770
17612 42653
17612 11245
17612 39563
17612 4482
17612 50363
17612 7624
17612 96025
17612 34211
17612 41053
17612 96367
17612 17041
17612 34119
17612 49832
17612 15354
17612 88840
17612 39813
17612 12329
17612 55684
17612 32164
17612 65896
17612 73031
17612 26924
17612 43268
17612 44390
17612 66758
17612 51262
17612 76565
17612 63066
17612 13722
17612 17004
17612 85535
17612 58801
17612 68649
17612 73223
17612 94291
17612 76201
17612 68168
17612 70205
17612 3968
17612 38185
17612 97410
17612 20583
17612 26212
17612 48543
17612 51019
17612 68299
17612 42497
17612 12764
17612 53675
17612 45270
17612 16564
17612 75355
17612 8502
17612 5712
17612 39387
17612 85344
17612 69951
17612 41111
17612 54735
17612 39102
17612 41786
17612 46219
17612 35740
17612 42637
17612 98139
17612 98110
17612 68171
17612 65675
17612 1129
17612 68961
17612 15973
17612 19498
17612 41565
17612 95264
17612 42674
17612 42935
17612 75119
17612 9024
17612 59221
17612 36650
17612 62875
17612 59526
17612 47732
17612 97208
17612 49877
17612 10246
17612 75887
17612 7354
17612 17640
17612 6387
17612 68644
17612 64511
17612 75446
17612 33020
17612 32161
17612 92133
17612 75208
17612 97865
17612 44388
17612 47393
17612 84345
17612 48515
17612 52767
17612 40290
17612 60893
17612 78416
17612 44624
17612 69748
17612 66525
17612 21994
17612 3811
17612 19446
17612 32785
17612 90079
17612 28985
17612 73765
17612 17486
17612 14780
17612 24196
17612 53885
17612 95416
17612 81226
17612 6568
17612 13006
17612 71528
17612 89302
17612 34830
17612 93672
17612 14017
17612 26784
17612 34302
17612 8753
17612 82856
17612 74871
17612 68994
17612 84022
17612 10289
17612 9544
17612 28493
17612 84311
17612 22724
17612 67041
17612 56635
17612 2864
17612 77380
17612 63790
17612 93098
17612 37192
17612 28828
17612 26265
17612 78392
17612 64700
17612 30831
17612 55764
17612 59270
17612 88553
17612 48125
17612 71366
17612 24750
17612 63198
17612 95135
17612 9529
17612 33628
17612 53387
17612 26394
17612 1086
17612 97883
17612 69729
17612 49902
17612 67409
17612 63843
17612 10016
17612 52920
17612 80720
17612 66856
17612 75797
17612 76625
17612 55784
17612 46115
17612 60091
17612 840
17612 24873
17612 39237
17612 91226
17612 90615
17612 84159
17612 722
17612 70881
17612 15735
17612 39670
17612 67174
17612 97893
17612 41361
17612 71176
17612 84548
17612 74970
17612 72271
17612 37029
17612 68896
17612 53928
17612 71047
17612 67878
17612 53517
17612 79007
17612 82571
17612 76161
17612 40339
17612 59313
17612 39572
17612 17164
17612 66365
17612 58220
17612 76844
17612 18393
17612 72089
17612 21361
17612 33128
17612 83449
17612 1260
17612 55598
17612 96487
17612 86711
17612 74175
17612 4752
17612 48283
17612 55165
17612 52710
17612 36904
17612 86376
17612 98437
17612 87776
17612 2403
17612 11859
17612 11801
17612 632
17612 50256
17612 35243
17612 60866
17612 35647
17612 48842
17612 83341
17612 98221
17612 63101
17612 44112
17612 50917
17612 59789
17612 15272
17612 63403
17612 46465
17612 18966
17612 54421
17612 19433
17612 2381
17612 22555
17612 34110
17612 48204
17612 16662
17612 77278
17612 37637
17612 54122
17612 33807
17612 67344
17612 37654
17612 96931
17612 55150
17612 90613
17612 35872
17612 56821
17612 44028
17612 63675
17612 28242
17612 93778
17612 64406
17612 52679
17612 93872
17612 55722
17612 11977
17612 8447
17612 16970
17612 27020
17612 19609
17612 30046
17612 95705
17612 3426
17612 13536
17612 33191
17612 20410
17612 62887
17612 12970
17612 52315
17612 85153
17612 94832
17612 24568
17612 393
17612 11687
17612 56058
17612 80202
17612 6668
17612 72037
17612 28611
17612 70057
17612 55297
17612 45443
17612 6165
17612 13523
17612 96276
17612 72462
17612 89007
17612 55002
17612 88035
17612 97141
17612 15552
17612 34778
17612 89726
17612 36537
17612 23468
17612 62877
17612 92297
17612 6249
17612 28079
17612 88711
17612 84446
17612 11429
17612 51081
17612 16226
17612 87649
17612 58628
17612 38568
17612 89386
17612 66561
17612 65269
17612 51523
17612 15225
17612 79445
17612 62809
17612 13872
17612 19548
17612 50642
17612 80431
17612 92064
17612 26372
17612 21906
17612 68255
17612 33766
17612 54606
17612 70349
17612 37827
17612 64550
17612 83056
17612 71408
17612 28132
17612 99571
17612 81731
17612 44183
17612 63698
17612 13482
17612 1123
17612 99324
17612 95589
17612 86152
17612 45467
17612 92904
17612 35067
17612 7398
17612 70850
17612 81980
17612 57705
17612 39304
17612 99596
17612 13207
17612 29958
17612 66587
17612 35988
17612 35434
17612 92572
17612 32290
17612 53955
17612 19443
17612 17066
17612 33596
17612 25600
17612 53441
17612 73512
17612 82579
17612 78446
17612 7659
17612 69833
17612 79821
17612 66764
17612 19511
17612 54238
17612 35411
17612 36673
17612 62934
17612 91151
17612 40082
17612 35004
17612 64400
17612 28102
17612 65374
17612 48194
17612 78514
17612 61676
17612 31676
17612 44355
17612 23090
17612 79395
17612 99473
17612 23751
17612 96890
17612 76094
17612 90987
17612 59129
17612 70093
17612 19587
17612 66054
17612 42731
17612 69270
17612 90454
17612 17704
17612 84550
17612 99800
17612 27943
17612 41336
17612 81599
17612 64715
17612 62968
17612 43260
17612 15520
17612 16768
17612 18366
17612 91534
17612 33616
17612 29495
17612 11539
17612 83266
17612 70625
17612 92134
17612 6558
17612 73804
17612 22556
17612 89754
17612 15223
17612 29655
17612 73828
17612 26137
17612 65932
17612 74394
17612 86496
17612 40353
17612 55348
17612 42945
17612 556
17612 2629
17612 40017
17612 80659
17612 28871
17612 11085
17612 97394
17612 29428
17612 36723
17612 89220
17612 82006
17612 44706
17612 35269
17612 78793
17612 94211
17612 67952
17612 49713
17612 3032
17612 15946
17612 43233
17612 45486
17612 18277
17612 14864
17612 32876
17612 18780
17612 89287
17612 75237
17612 5377
17612 45483
17612 10142
17612 12036
17612 95018
17612 13528
17612 39320
17612 41553
17612 32631
17612 35303
17612 69420
17612 6523
17612 47417
17612 4086
17612 10266
17612 18224
17612 52341
17612 48767
17612 94379
17612 90611
17612 31728
17612 89083
17612 43100
17612 35866
17612 1044
17612 67534
17612 42183
17612 14708
17612 46185
17612 84043
17612 94918
17612 16502
17612 79451
17612 35531
17612 53106
17612 11938
17612 88999
17612 75582
17612 81349
17612 95077
17612 69172
17612 62336
17612 73983
17612 54883
17612 70224
17612 51613
17612 39466
17612 28757
17612 82934
17612 39672
17612 71975
17612 17449
17612 7070
17612 78656
17612 66654
17612 14401
17612 22957
17612 31534
17612 28184
17612 56966
17612 35979
17612 71560
17612 2620
17612 32823
17612 70626
17612 35512
17612 69488
17612 34308
17612 62028
17612 16525
17612 52860
17612 92914
17612 13600
17612 97638
17612 48953
17612 9054
17612 85777
17612 71330
17612 47598
17612 71402
17612 72809
17612 94787
17612 66501
17612 89731
17612 76130
17612 3987
17612 81140
17612 40387
17612 58391
17612 89446
17612 17330
17612 20418
17612 9745
17612 75928
17612 18603
17612 88686
17612 28347
17612 63449
17612 43971
17612 47854
17612 38319
17612 20942
17612 20396
17612 50035
17612 57635
17612 53169
17612 15449
17612 78775
17612 19025
17612 35358
17612 38705
17612 87410
17612 90041
17612 83739
17612 79127
17612 1073
17612 70423
17612 1272
17612 84271
17612 17378
17612 49743
17612 97910
17612 73652
17612 13258
17612 60232
17612 3981
17612 56618
17612 78455
17612 89031
17612 55349
17612 36185
17612 48516
17612 53534
17612 53233
17612 79401
17612 60554
17612 6983
17612 13001
17612 61704
17612 4904
17612 84684
17612 92293
17612 91405
17612 78
17612 5514
17612 14566
17612 76991
17612 18295
17612 69527
17612 66595
17612 46700
17612 35508
17612 74479
17612 85835
17612 46717
17612 62117
17612 91420
17612 32136
17612 81500
17612 31433
17612 13834
17612 73710
17612 46887
17612 20796
17612 15258
17612 5319
17612 92282
17612 41118
17612 55365
17612 95326
17612 45385
17612 33226
17612 86188
17612 82022
17612 7297
17612 80866
17612 57000
17612 54387
17612 49323
17612 47022
17612 38527
17612 98817
17612 44727
17612 57806
17612 91651
17612 31203
17612 83222
17612 79908
17612 68026
17612 18924
17612 7345
17612 44761
17612 88217
17612 14877
17612 67246
17612 22571
17612 71177
17612 84246
17612 82039
17612 63890
17612 44694
17612 99284
17612 93118
17612 15923
17612 76387
17612 2840
17612 62949
17612 27423
17612 50232
17612 82786
17612 22900
17612 93926
17612 29859
17612 13068
17612 32553
17612 43990
17612 43130
17612 86064
17612 88710
17612 60465
17612 97385
17612 61757
17612 48438
17612 64570
17612 85385
17612 86925
17612 94798
17612 25398
17612 56622
17612 57751
17612 52280
17612 71045
17612 15783
17612 74899
17612 64000
17612 34926
17612 16413
17612 19646
17612 1566
17612 49299
17612 54345
17612 14284
17612 3438
17612 85512
17612 9777
17612 23982
17612 60136
17612 49417
17612 87455
17612 65804
17612 37815
17612 20384
17612 20223
17612 68761
17612 13859
17612 33370
17612 2463
17612 60874
17612 51977
17612 83074
17612 92365
17612 96479
17612 29933
17612 70482
17612 91162
17612 51222
17612 698
17612 71320
17612 32700
17612 55440
17612 20828
17612 86805
17612 23469
17612 44889
17612 86823
17612 31346
17612 9969
17612 70302
17612 73120
17612 21096
17612 23018
17612 49242
17612 76724
17612 2828
17612 67256
17612 28425
17612 56024
17612 30889
17612 5303
17612 67589
17612 94979
17612 24936
17612 91791
17612 66065
17612 90521
17612 80199
17612 85663
17612 70354
17612 10122
17612 32495
17612 52189
17612 60942
17612 15610
17612 74320
17612 84396
17612 6337
17612 50724
17612 11756
17612 73396
17612 12399
17612 84075
17612 62774
17612 67958
17612 31352
17612 1595
17612 2733
17612 61136
17612 36448
17612 94757
17612 54469
17612 21850
17612 77984
17612 17459
17612 73619
17612 92737
17612 41723
17612 70083
17612 83428
17612 58811
17612 65745
17612 54737
17612 72591
17612 21971
17612 91604
17612 51837
17612 91560
17612 50999
17612 26309
17612 64933
17612 36495
17612 47185
17612 19856
17612 34007
17612 74302
17612 36634
17612 22959
17612 94498
17612 81533
17612 10966
17612 95819
17612 47255
17612 44056
17612 18706
17612 33878
17612 33425
17612 33067
17612 45791
17612 50367
17612 36587
17612 74118
17612 61311
17612 1766
17612 19534
17612 17074
17612 33126
17612 29612
17612 25757
17612 9236
17612 70459
17612 81059
17612 26007
17612 71174
17612 56259
17612 93862
17612 31435
17612 75709
17612 18245
17612 72603
17612 60360
17612 51291
17612 93262
17612 25669
17612 10823
17612 81974
17612 10113
17612 20065
17612 87464
17612 7540
17612 3967
17612 97826
17612 53135
17612 50152
17612 54691
17612 18017
17612 77465
17612 78238
17612 16932
17612 88171
17612 70583
17612 71612
17612 9722
17612 31617
17612 50027
17612 18275
17612 37444
17612 26531
17612 86739
17612 94229
17612 52059
17612 46775
17612 98181
17612 23371
17612 29505
17612 39039
17612 92974
17612 18849
17612 45577
17612 64504
17612 70172
17612 38243
17612 11611
17612 39183
17612 27373
17612 92456
17612 60746
17612 2871
17612 38050
17612 81537
17612 77673
17612 13506
17612 98927
17612 58143
17612 33410
17612 81050
17612 7635
17612 6825
17612 41367
17612 20959
17612 17350
17612 82470
17612 13539
17612 14748
17612 57055
17612 83025
17612 76874
17612 32231
17612 97606
17612 27247
17612 66092
17612 66549
17612 52013
17612 15934
17612 92781
17612 27811
17612 50309
17612 86620
17612 67823
17612 17558
17612 93881
17612 75806
17612 33372
17612 95037
17612 477
17612 94072
17612 26417
17612 73756
17612 49552
17612 86908
17612 63181
17612 71434
17612 80424
17612 30235
17612 35083
17612 4943
17612 83681
17612 21991
17612 88025
17612 87897
17612 72663
17612 65912
17612 30556
17612 53798
17612 35874
17612 86722
17612 55207
17612 52239
17612 35649
17612 64747
17612 12810
17612 87725
17612 16987
17612 24465
17612 73337
17612 2081
17612 59498
17612 98801
17612 5879
17612 64023
17612 28094
17612 51635
17612 95699
17612 70604
17612 44073
17612 31914
17612 12325
17612 10108
17612 88883
17612 97793
17612 5592
17612 55400
17612 57905
17612 24746
17612 22705
17612 78030
17612 65799
17612 24904
17612 66814
17612 50437
17612 68398
17612 47258
17612 25831
17612 30503
17612 47151
17612 86329
17612 76816
17612 99241
17612 8455
17612 44701
17612 6790
17612 60092
17612 5794
17612 80034
17612 23171
17612 19358
17612 37425
17612 61494
17612 5644
17612 76458
17612 65674
17612 8504
17612 74113
17612 51944
17612 12057
17612 52422
17612 67073
17612 75031
17612 84687
17612 39492
17612 51693
17612 35117
17612 46163
17612 61687
17612 6434
17612 72377
17612 62542
17612 2285
17612 55945
17612 39926
17612 77160
17612 98166
17612 41591
17612 19582
17612 78136
17612 77245
17612 72843
17612 36409
17612 8634
17612 79581
17612 47315
17612 54412
17612 51252
17612 68136
17612 75452
17612 76249
17612 14878
17612 4842
17612 75212
17612 69410
17612 1885
17612 13229
17612 43522
17612 44132
17612 48280
17612 98342
17612 72206
17612 4517
17612 83554
17612 48518
17612 76380
17612 9721
17612 83147
17612 10979
17612 70725
17612 58486
17612 43842
17612 65547
17612 71315
17612 447
17612 21065
17612 42603
17612 47298
17612 28042
17612 19156
17612 76049
17612 19427
17612 77279
17612 14141
17612 52951
17612 41577
17612 66669
17612 55163
17612 47191
17612 44751
17612 34050
17612 79802
17612 48299
17612 4929
17612 93185
17612 8319
17612 82672
17612 32329
17612 34802
17612 98907
17612 52042
17612 72141
17612 37206
17612 75206
17612 81085
17612 10942
17612 9820
17612 92879
17612 22334
17612 35035
17612 10918
17612 16552
17612 37019
17612 72200
17612 95178
17612 84032
17612 34447
17612 30783
17612 27602
17612 12954
17612 36324
17612 94596
17612 62970
17612 6176
17612 96673
17612 67129
17612 39496
17612 26727
17612 71260
17612 9847
17612 72184
17612 41348
17612 44521
17612 38804
17612 67656
17612 17466
17612 4621
17612 57964
17612 47703
17612 97973
17612 4888
17612 3764
17612 41351
17612 54723
17612 98276
17612 21472
17612 73008
17612 5325
17612 92652
17612 77117
17612 92021
17612 86981
17612 82501
17612 68927
17612 55651
17612 24166
17612 25877
17612 30519
17612 15043
17612 76998
17612 17046
17612 76904
17612 66354
17612 16049
17612 94575
17612 34944
17612 60075
17612 25730
17612 7248
17612 47358
17612 59785
17612 43900
17612 80544
17612 94796
17612 46489
17612 28806
17612 83284
17612 1226
17612 1829
17612 64061
17612 4229
17612 21547
17612 33203
17612 72347
17612 5226
17612 1203
17612 30159
17612 11096
17612 68722
17612 22717
17612 4602
17612 69227
17612 26248
17612 27452
17612 58064
17612 37849
17612 31854
17612 64289
17612 66309
17612 48678
17612 42586
17612 51378
17612 85647
17612 9631
17612 25591
17612 77899
17612 23790
17612 24580
17612 89705
17612 81666
17612 38924
17612 76188
17612 55869
17612 80435
17612 62131
17612 47642
17612 3037
17612 63877
17612 2708
17612 13733
17612 86398
17612 82003
17612 75755
17612 87104
17612 81235
17612 56685
17612 92756
17612 76310
17612 45037
17612 44420
17612 9708
17612 84795
17612 55075
17612 25598
17612 91964
17612 67401
17612 64794
17612 79685
17612 73875
17612 86565
17612 72138
17612 65680
17612 62601
17612 78639
17612 89194
17612 96782
17612 75459
17612 58993
17612 79132
17612 61758
17612 21677
17612 35163
17612 88557
17612 68741
17612 39522
17612 73853
17612 51961
17612 79611
17612 70741
17612 33968
17612 33474
17612 40665
17612 1923
17612 79247
17612 99271
17612 6010
17612 59976
17612 59971
17612 46601
17612 30428
17612 66583
17612 58217
17612 27414
17612 62391
17612 43987
17612 91262
17612 82029
17612 18984
17612 50318
17612 57326
17612 7111
17612 84142
17612 14579
17612 46704
17612 1074
17612 33529
17612 98490
17612 70924
17612 97262
17612 7082
17612 40166
17612 49642
17612 1961
17612 42530
17612 44324
17612 40479
17612 77226
17612 27337
17612 93925
17612 10714
17612 43076
17612 15714
17612 88013
17612 84599
17612 8687
17612 16826
17612 90540
17612 38574
17612 53696
17612 79618
17612 44667
17612 30484
17612 3567
17612 84418
17612 91823
17612 90393
17612 23985
17612 99029
17612 99191
17612 66084
17612 98284
17612 75241
17612 83987
17612 47945
17612 39652
17612 38503
17612 49548
17612 55108
17612 68997
17612 60483
17612 9727
17612 26082
17612 53440
17612 30358
17612 79674
17612 5535
17612 80941
17612 31557
17612 82543
17612 29433
17612 31916
17612 93475
17612 51732
17612 49724
17612 27545
17612 81511
17612 19921
17612 94384
17612 39224
17612 97494
17612 94212
17612 47199
17612 192
17612 93411
17612 92337
17612 90103
17612 40274
17612 58232
17612 65263
17612 22398
17612 88507
17612 19188
17612 4088
17612 48597
17612 57278
17612 72601
17612 44813
17612 67268
17612 41627
17612 79137
17612 14617
17612 76496
17612 84650
17612 38311
17612 71835
17612 86858
17612 36192
17612 56300
17612 1481
17612 40728
17612 98600
17612 11329
17612 83717
17612 64474
17612 15069
17612 65687
17612 28911
17612 98030
17612 84324
17612 98223
17612 34692
17612 57249
17612 48856
17612 30220
17612 7106
17612 13434
17612 78240
17612 67533
17612 67395
17612 67021
17612 21374
17612 38281
17612 6335
17612 8953
17612 28606
17612 416
17612 88138
17612 8100
17612 55436
17612 95910
17612 93824
17612 8673
17612 7211
17612 1175
17612 4572
17612 70510
17612 44451
17612 43610
17612 2457
17612 80153
126